Electronics: 268005.52000000014
Clothing: 284637.44000000006
Groceries: 275244.4599999999
Toys: 269236.80000000016
Furniture: 315158.29000000004
